%Hexagon at the equator
poles = 0;
n = 1;
m = 6;    
coords_0_1_6 = [
     1.0000    0.5000   -0.5000   -1.0000   -0.5000    0.5000
         0     0.8660    0.8660    0.0000   -0.8660   -0.8660
         0         0         0         0         0         0
   ];
u = [coords_0_1_6(:,1)];

%Octahedron with side length sqrt(2)
u = [1;0;0];
poles = 2;
n = 1;
m = 4;
coords_2_1_4 = [
    0.0000   -1.0000   -0.0000    1.0000    0    0
    1.0000    0.0000   -1.0000   -0.0000    0    0
         0         0         0         0    1   -1
    ];
u = [coords_2_1_4(:,4)];

%Octahedron (2 triangles)
x_rot = 2*1.26306;
y_rot = 2*1.1781;
poles = 0;
n = 2;
m = 3;
coords_0_2_3 = [
         0    0.7071         0   -0.7071    0.7071   -0.7071
   -0.8165   -0.4082    0.8165    0.4082    0.4082   -0.4082
    0.5773   -0.5773   -0.5773    0.5773    0.5774   -0.5774
    ];
u = [coords_0_2_3(:,5);coords_0_2_3(:,2)];

old_input = [
    0.6506
    0.3757
    0.6600
    0.7707
   -0.4450
   -0.4561
    8.2439
    6.9859
   -0.0000
    0.3757
    ];

%Octahedron (3 2-gons)
x_rot = pi/4;
y_rot = -pi/2;
poles = 0;
n = 3;
m = 2;
coords_0_3_2 = [
         0   -0.0000         0    0.0000   -1.0000    1.0000
    0.7071    0.7071   -0.7071   -0.7071   -0.0000    0.0000
    0.7071   -0.7071   -0.7071    0.7071    0.0000   -0.0000
    ];
u = [coords_0_3_2(:,6);coords_0_3_2(:,4);coords_0_3_2(:,3)];

%Pentagon + pole
poles = 1;
n = 1;
m = 5;
coords_0_3_2 = [
         0   -0.0000         0    0.0000   -1.0000    1.0000
    0.7071    0.7071   -0.7071   -0.7071   -0.0000    0.0000
    0.7071   -0.7071   -0.7071    0.7071    0.0000   -0.0000
    ];
u = [0;1;0];

Rx = [
    1,              0,          0;
    0,              cos(x_rot), -sin(x_rot);
    0,              sin(x_rot), cos(x_rot)
    ];
        
Ry = [
    cos(y_rot),      0,         sin(y_rot);
    0,              1,          0;
    -sin(y_rot),    0,          cos(y_rot)
    ];