%triaugmented triangular prism
poles = 0;
n = 3;
m = 3;
coords_0_0_3 = [
    1.0000    0.3555    0.3555   -0.5000   -0.7111   -0.7111   -0.5000    0.3555    0.3555
         0    0.6158    0.6158    0.8660    0.0000    0.0000   -0.8660   -0.6158   -0.6158
         0    0.7031   -0.7031         0    0.7031   -0.7031         0    0.7031   -0.7031
    ];
u = [coords_0_0_3(:,1);coords_0_0_3(:,2);coords_0_0_3(:,3)];

%triaugmented triangular prism
poles = 1;
n = 4;
m = 2;
coords_1_3_3 = [
    -0.7031   -0.7031         0   -0.7031    0.7031    0.7031   -0.0000    0.7031   0
     0.6158   -0.6158    0.8660         0   -0.6158    0.6158   -0.8660   -0.0000   0
     0.3555    0.3555   -0.5000   -0.7111    0.3555    0.3555   -0.5000   -0.7111   1
    ];
u = [coords_1_3_3(:,1);coords_1_3_3(:,2);coords_1_3_3(:,3);coords_1_3_3(:,4)];

%Large omega = 50 - no symmetries
poles = 0;
n = 9;
m = 1;
coords_0_9_1 = [
    -0.1930   -0.0986    0.0622   -0.1755    0.1084    0.0560   -0.3201    0.2734    0.2874
     0.2453    0.0206   -0.2918   -0.2434   -0.0146    0.2904   -0.0168    0.1560   -0.1457
     0.9500    0.9949    0.9545    0.9539    0.9940    0.9553    0.9472    0.9492    0.9467
    ];
u = reshape(coords_0_9_1, 27, 1);

%Large omega = 1/2, octahedral ring and pole
poles = 1;
n = 1;
m = 8;
coords_1_1_8 = [
    1.0000    0.7071    0.0000   -0.7071   -1.0000   -0.7071   -0.0000    0.7071    0
         0    0.7071    1.0000    0.7071    0.0000   -0.7071   -1.0000   -0.7071    0
         0         0         0         0         0         0         0         0
    ];
u = coords_1_1_8(:,1);